%YAML:1.0
Plane: [ 5.00000000e-01, -1., -4.16666657e-01, 0. ]
