%YAML:1.0
cameraMatrix: !!opencv-matrix
   rows: 3
   cols: 3
   dt: d
   data: [ 6.3942996290693497e+02, 0., 2.7689958399007185e+02, 0.,
       5.6672401613875684e+02, 1.6633653304359486e-01, 0., 0., 1. ]
distortionCoeff: !!opencv-matrix
   rows: 5
   cols: 1
   dt: d
   data: [ -1.0574746840484624e-01, -4.8928130228701633e-01,
       8.7150786884892764e-02, -5.9309142857729043e-03,
       5.7422913812770282e-01 ]
calibError: 4.7039507134163283e-01
