%YAML:1.0
cameraMatrix: !!opencv-matrix
   rows: 3
   cols: 3
   dt: d
   data: [ 5.8915163339406899e+02, 0., 1.9012072997962238e+02, 0.,
       5.7303805225600149e+02, 1.8649564564189629e+02, 0., 0., 1. ]
distortionCoeff: !!opencv-matrix
   rows: 5
   cols: 1
   dt: d
   data: [ -6.6290831928887448e-02, 1.0050198065289660e-01,
       -1.0040104650376145e-02, -4.0934889186803589e-02,
       -5.7436063404148807e-02 ]
calibError: 1.1113413731292676e+00
