%YAML:1.0
fundamental: !!opencv-matrix
   rows: 3
   cols: 3
   dt: d
   data: [ 1.6184031513785836e-06, 1.1276207881360406e-05,
       4.7491718838661157e-03, -1.0617840923080935e-05,
       -2.1091412557593440e-06, 2.3572536583417736e-03,
       -6.2405696781913100e-03, -2.0662264528587687e-03, 1. ]
camera: !!opencv-matrix
   rows: 3
   cols: 3
   dt: d
   data: [ 5.8915163339406899e+02, 0., 1.9012072997962238e+02, 0.,
       5.7303805225600149e+02, 1.8649564564189629e+02, 0., 0., 1. ]
distortion: !!opencv-matrix
   rows: 5
   cols: 1
   dt: d
   data: [ -6.6290831928887448e-02, 1.0050198065289660e-01,
       -1.0040104650376145e-02, -4.0934889186803589e-02,
       -5.7436063404148807e-02 ]
camera transposed: !!opencv-matrix
   rows: 3
   cols: 3
   dt: d
   data: [ 5.8915163339406899e+02, 0., 0., 0., 5.7303805225600149e+02,
       0., 1.9012072997962238e+02, 1.8649564564189629e+02, 1. ]
rand: !!opencv-matrix
   rows: 3
   cols: 3
   dt: d
   data: [ 5.6390030592688789e-01, 8.1763919425297571e-01,
       -1.1611456840942383e-01, -5.4717363796565877e-01,
       2.6459740821199956e-01, -7.9409648121806875e-01,
       -6.1856079320547652e-01, 5.1132607951173104e-01,
       5.9659717190091877e-01 ]
translation: !!opencv-matrix
   rows: 3
   cols: 1
   dt: d
   data: [ -1.1611456840942383e-01, -7.9409648121806875e-01,
       5.9659717190091877e-01 ]
rotation: !!opencv-matrix
   rows: 3
   cols: 3
   dt: d
   data: [ 7.7870304456434114e-02, -4.1973221276096007e-01,
       3.6843539498681205e-01, -7.5560479983929799e-02,
       4.0728192450664791e-01, -3.5750669632796134e-01,
       -8.5418498244207317e-02, 4.6041806987948580e-01,
       -4.0414890322397468e-01 ]
