%YAML:1.0
cameraMatrix: !!opencv-matrix
   rows: 3
   cols: 3
   dt: d
   data: [ 5.2527492800432901e+02, 0., 3.1164427567059136e+02, 0.,
       5.2280690534245332e+02, 2.3325963318912551e+02, 0., 0., 1. ]
distortionCoeff: !!opencv-matrix
   rows: 5
   cols: 1
   dt: d
   data: [ 7.8823762523348870e-02, -2.7079971185431095e-01,
       1.0042047539867637e-03, -2.9469738084642217e-03,
       1.5418777860813576e-01 ]
calibError: 4.9335743620284706e-01
