%YAML:1.0
fundamental: !!opencv-matrix
   rows: 3
   cols: 3
   dt: d
   data: [ -1.3738818446145786e-06, -6.6094171050031284e-06,
       8.4661512986564658e-03, 1.5025705502846735e-05,
       -5.8339953892615787e-06, -1.3382108671842252e-02,
       -1.1060175479316148e-02, 1.3022824644573106e-02, 1. ]
camera: !!opencv-matrix
   rows: 3
   cols: 3
   dt: d
   data: [ 5.3695299999999997e+02, 0., 2.9627400000000000e+02, 0.,
       5.3767800000000000e+02, 2.3954900000000001e+02, 0., 0., 1. ]
distortion: !!opencv-matrix
   rows: 5
   cols: 1
   dt: d
   data: [ -7.3938599999999993e-02, 4.0048000000000000e-02,
       -6.3296899999999998e-03, -7.9561900000000001e-03,
       7.8638200000000005e-02 ]
camera transposed: !!opencv-matrix
   rows: 3
   cols: 3
   dt: d
   data: [ 5.3695299999999997e+02, 0., 0., 0., 5.3767800000000000e+02,
       0., 2.9627400000000000e+02, 2.3954900000000001e+02, 1. ]
rand: !!opencv-matrix
   rows: 3
   cols: 3
   dt: d
   data: [ -1.4661063800999516e-01, 6.4232708724893350e-01,
       7.5227736494500697e-01, 7.7111244598902096e-01,
       -4.0212947051168124e-01, 4.9363699677680584e-01,
       -6.1958931274121531e-01, -6.5246287398770519e-01,
       4.3634995313918923e-01 ]
translation: !!opencv-matrix
   rows: 3
   cols: 1
   dt: d
   data: [ 7.5227736494500697e-01, 4.9363699677680584e-01,
       4.3634995313918923e-01 ]
rotation: !!opencv-matrix
   rows: 3
   cols: 3
   dt: d
   data: [ 1.0613863971297822e-01, 8.3078567652231775e-02,
       5.7682059034243907e-02, -5.5824616272007710e-01,
       -4.3695954387163444e-01, -3.0338421710262625e-01,
       4.4855112649170997e-01, 3.5109725551880872e-01,
       2.4376940036294553e-01 ]
