%YAML:1.0
fundamental: !!opencv-matrix
   rows: 3
   cols: 3
   dt: d
   data: [ 1.8171822349519006e-06, 3.1994056498116765e-05,
       -6.9293734005462237e-03, -2.3797613357103486e-05,
       1.3571318584473726e-05, 4.8748639673757421e-03,
       4.0046153720635080e-03, -1.1453352104136283e-02, 1. ]
camera: !!opencv-matrix
   rows: 3
   cols: 3
   dt: d
   data: [ 5.3695299999999997e+02, 0., 2.9627400000000000e+02, 0.,
       5.3767800000000000e+02, 2.3954900000000001e+02, 0., 0., 1. ]
distortion: !!opencv-matrix
   rows: 5
   cols: 1
   dt: d
   data: [ -7.3938599999999993e-02, 4.0048000000000000e-02,
       -6.3296899999999998e-03, -7.9561900000000001e-03,
       7.8638200000000005e-02 ]
camera transposed: !!opencv-matrix
   rows: 3
   cols: 3
   dt: d
   data: [ 5.3695299999999997e+02, 0., 0., 0., 5.3767800000000000e+02,
       0., 2.9627400000000000e+02, 2.3954900000000001e+02, 1. ]
rand: !!opencv-matrix
   rows: 3
   cols: 3
   dt: d
   data: [ 8.1136691945041206e-01, -5.8351306766442401e-01,
       3.4586440788290360e-02, 5.7874322376094489e-01,
       8.1022737445278137e-01, 9.2670829488795070e-02,
       8.2097521109576674e-02, 5.5173377205005883e-02,
       -9.9509592275089565e-01 ]
translation: !!opencv-matrix
   rows: 3
   cols: 1
   dt: d
   data: [ 3.4586440788290360e-02, 9.2670829488795070e-02,
       -9.9509592275089565e-01 ]
rotation: !!opencv-matrix
   rows: 3
   cols: 3
   dt: d
   data: [ 3.2794450637232832e-02, -6.1686273022550211e-02,
       8.0835363901354529e-01, 2.3392087634183201e-02,
       -4.4000453623436651e-02, 5.7659386865128703e-01,
       3.3182805940509376e-03, -6.2416768298494052e-03,
       8.1792624707783118e-02 ]
