%YAML:1.0
fundamental: !!opencv-matrix
   rows: 3
   cols: 3
   dt: d
   data: [ 4.2787218263335942e-07, -1.9263479968756737e-05,
       8.7994120286080668e-03, 2.3180632936177026e-05,
       2.1899761682175369e-06, -1.1375448782378950e-02,
       -1.1285064405974599e-02, 8.6570165283735845e-03, 1. ]
camera: !!opencv-matrix
   rows: 3
   cols: 3
   dt: d
   data: [ 5.3695299999999997e+02, 0., 2.9627400000000000e+02, 0.,
       5.3767800000000000e+02, 2.3954900000000001e+02, 0., 0., 1. ]
distortion: !!opencv-matrix
   rows: 5
   cols: 1
   dt: d
   data: [ -7.3938599999999993e-02, 4.0048000000000000e-02,
       -6.3296899999999998e-03, -7.9561900000000001e-03,
       7.8638200000000005e-02 ]
camera transposed: !!opencv-matrix
   rows: 3
   cols: 3
   dt: d
   data: [ 5.3695299999999997e+02, 0., 0., 0., 5.3767800000000000e+02,
       0., 2.9627400000000000e+02, 2.3954900000000001e+02, 1. ]
rand: !!opencv-matrix
   rows: 3
   cols: 3
   dt: d
   data: [ -1.5249809465531647e-01, -9.3049183021455495e-01,
       3.3306048254103382e-01, 9.2419402357485458e-01,
       -1.4863794128627860e-02, 3.8163395343263506e-01,
       -3.5015673335667713e-01, 3.6601095820763296e-01,
       8.6222168875348459e-01 ]
translation: !!opencv-matrix
   rows: 3
   cols: 1
   dt: d
   data: [ 3.3306048254103382e-01, 3.8163395343263506e-01,
       8.6222168875348459e-01 ]
rotation: !!opencv-matrix
   rows: 3
   cols: 3
   dt: d
   data: [ -3.8090760373855281e-02, -5.7468304040143470e-02,
       -1.3602263369892906e-01, 2.3084388805320505e-01,
       3.4827886380435935e-01, 8.2434672655812913e-01,
       -8.7461658152042612e-02, -1.3195518055309310e-01,
       -3.1232679454941892e-01 ]
