%YAML:1.0
FMatrix: !!opencv-matrix
   rows: 3
   cols: 3
   dt: f
   data: [ 1.58628950e-06, -2.55013056e-05, 7.78848492e-03,
       2.72435118e-05, 1.95948246e-06, -1.44248307e-02, -1.09299831e-02,
       1.34257358e-02, 1. ]
R1: !!opencv-matrix
   rows: 3
   cols: 3
   dt: f
   data: [ -9.96170878e-01, -5.91223612e-02, -6.44071996e-02,
       6.38976619e-02, -9.95149553e-01, -7.47962594e-02, 5.96727431e-02,
       7.86253512e-02, -9.95116591e-01 ]
R2: !!opencv-matrix
   rows: 3
   cols: 3
   dt: f
   data: [ 7.18088984e-01, -9.03609768e-02, -6.90060258e-01,
       -2.19731569e-01, 9.11380827e-01, -3.47998738e-01, -6.60353184e-01,
       -4.01522040e-01, -6.34597182e-01 ]
t1: !!opencv-matrix
   rows: 3
   cols: 3
   dt: f
   data: [ 0., 8.83324265e-01, -2.29159877e-01, -8.83324265e-01, 0.,
       4.08930302e-01, 2.29159877e-01, -4.08930302e-01, 0. ]
t2: !!opencv-matrix
   rows: 3
   cols: 3
   dt: f
   data: [ 0., -8.83324265e-01, 2.29159877e-01, 8.83324265e-01, 0.,
       -4.08930302e-01, -2.29159877e-01, 4.08930302e-01, 0. ]
MP1: [ 179., 48., 186., 52., 263., 56., 184., 57., 254., 62., 224., 64.,
    186., 66., 175., 68., 152., 70., 171., 71., 209., 74., 221., 74.,
    165., 77., 251., 79., 201., 82., 141., 83., 171., 83., 160., 84.,
    247., 87., 215., 88., 155., 89., 279., 89., 251., 90., 142., 91.,
    201., 92., 242., 93., 165., 94., 252., 94., 142., 96., 150., 96.,
    234., 97., 222., 99., 130., 107., 149., 107., 265., 108., 157., 111.,
    192., 111., 246., 112., 168., 113., 139., 117., 254., 117., 269.,
    119., 129., 121., 269., 121., 116., 123., 249., 125., 296., 125.,
    118., 127., 123., 128., 180., 128., 188., 129., 228., 129., 250.,
    129., 272., 129., 130., 130., 231., 130., 140., 132., 171., 132.,
    123., 133., 114., 134., 251., 134., 260., 135., 249., 140., 114.,
    141., 281., 141., 226., 142., 130., 143., 106., 144., 248., 145.,
    574., 145., 256., 146., 103., 147., 115., 147., 128., 147., 255.,
    150., 247., 152., 229., 153., 278., 155., 116., 156., 191., 156.,
    246., 156., 94., 158., 106., 158., 269., 159., 105., 162., 246.,
    163., 192., 164., 296., 165., 123., 166., 204., 168., 122., 169.,
    349., 170., 113., 171., 119., 171., 291., 174., 94., 177., 109.,
    178., 372., 178., 93., 179., 209., 179., 354., 181., 564., 181.,
    224., 183., 258., 185., 110., 190., 106., 195., 227., 195., 284.,
    196., 279., 198., 551., 200., 279., 204., 277., 208., 265., 214.,
    272., 218., 96., 219., 281., 219., 253., 222., 279., 223., 277.,
    226., 121., 235., 532., 265., 229., 300., 217., 305., 524., 332.,
    509., 339., 521., 339., 441., 348., 537., 456. ]
MP2: [ 138., 67., 147., 71., 231., 61., 149., 79., 223., 72., 192., 81.,
    152., 90., 142., 95., 121., 102., 141., 101., 180., 98., 193., 95.,
    138., 110., 229., 98., 176., 110., 117., 122., 146., 116., 136.,
    120., 227., 109., 192., 114., 133., 126., 262., 106., 232., 111.,
    122., 131., 181., 124., 224., 118., 145., 131., 235., 118., 125.,
    138., 131., 137., 217., 125., 205., 130., 118., 154., 135., 150.,
    253., 134., 145., 155., 180., 149., 235., 143., 157., 155., 131.,
    165., 247., 149., 261., 148., 122., 169., 261., 148., 113., 176.,
    243., 159., 292., 151., 116., 180., 122., 180., 177., 173., 183.,
    172., 224., 168., 245., 163., 268., 159., 130., 182., 227., 168.,
    140., 183., 169., 179., 125., 186., 115., 188., 249., 170., 259.,
    169., 249., 178., 120., 197., 282., 175., 226., 183., 136., 198.,
    112., 200., 251., 184., 589., 254., 258., 184., 112., 204., 123.,
    203., 135., 202., 259., 189., 251., 191., 234., 197., 284., 192.,
    128., 213., 198., 204., 251., 197., 110., 219., 120., 217., 275.,
    198., 123., 222., 254., 206., 201., 213., 305., 201., 139., 223.,
    214., 216., 140., 227., 362., 201., 132., 230., 137., 229., 303.,
    214., 119., 239., 133., 239., 388., 207., 119., 242., 223., 229.,
    371., 213., 615., 183., 239., 231., 273., 229., 140., 252., 137.,
    257., 246., 244., 300., 238., 298., 241., 599., 208., 298., 248.,
    301., 254., 287., 261., 297., 265., 138., 282., 305., 264., 280.,
    270., 305., 270., 304., 273., 166., 296., 605., 208., 286., 352.,
    284., 356., 404., 415., 119., 168., 302., 351., 201., 449., 585.,
    451. ]
